0.0 0.0 0.0 0.0 0.0 0.0 0.0 0.0
4833.0 4275.0 51300.0 10862.02000304 15.0 95.60497984762847 225.0 18.0
4932.0 3781.0 45372.0 8146.515002279999 20.0 45.1653075921973 199.0 18.0
5091.0 4123.0 49476.0 6517.212001823999 25.0 0.18798781651885751 217.0 18.0
5100.0 4541.0 54492.0 5431.01000152 30.0 0.014420816706043305 239.0 18.0
5325.0 5073.0 60876.0 4655.151429874285 35.0 0.11723145160004025 267.0 18.0
5262.0 5662.0 67944.0 4073.2575011399995 40.0 0.007215346351818023 298.0 18.0
5583.0 5985.0 71820.0 3620.6733343466663 45.0 0.00603625191025803 315.0 18.0
5670.0 5757.0 69084.0 3258.6060009119997 50.0 0.007924521707049674 303.0 18.0
4833.0 3906.0 46872.0 10862.02000304 15.0 17.59723538205742 186.0 20.0
4932.0 4032.0 48384.0 8146.515002279999 20.0 31.55431693311087 192.0 20.0
5091.0 4200.0 50400.0 6517.212001823999 25.0 0.19965190507513342 200.0 20.0
5100.0 4746.0 56952.0 5431.01000152 30.0 0.001464592078723394 226.0 20.0
5325.0 5376.0 64512.0 4655.151429874285 35.0 0.003481784259603362 256.0 20.0
5262.0 5880.0 70560.0 4073.2575011399995 40.0 0.017247254025349806 280.0 20.0
5583.0 5901.0 70812.0 3620.6733343466663 45.0 0.003177326076917808 281.0 20.0
5670.0 6300.0 75600.0 3258.6060009119997 50.0 0.0026645329769613983 300.0 20.0
4827.0 3979.0 47748.0 10862.02000304 15.0 214.85783705582622 173.0 22.0
4932.0 4002.0 48024.0 8146.515002279999 20.0 3.0412856196144697 174.0 22.0
5091.0 4485.0 53820.0 6517.212001823999 25.0 0.014109280741437856 195.0 22.0
5100.0 4830.0 57960.0 5431.01000152 30.0 0.0005817088601898413 210.0 22.0
5325.0 5635.0 67620.0 4655.151429874285 35.0 0.005586854023161544 245.0 22.0
5262.0 5750.0 69000.0 4073.2575011399995 40.0 0.05717989092835975 250.0 22.0
5583.0 6187.0 74244.0 3620.6733343466663 45.0 0.018247593159387142 269.0 22.0
5670.0 6831.0 81972.0 3258.6060009119997 50.0 0.019249930798463977 297.0 22.0
4833.0 3950.0 47400.0 10862.02000304 15.0 184.72380370068865 158.0 24.0
4932.0 3925.0 47100.0 8146.515002279999 20.0 4.4344964602936745 157.0 24.0
5091.0 4850.0 58200.0 6517.212001823999 25.0 0.010494622623495306 194.0 24.0
5100.0 5350.0 64200.0 5431.01000152 30.0 0.005479252997905879 214.0 24.0
5325.0 5750.0 69000.0 4655.151429874285 35.0 0.01190409494630163 230.0 24.0
5262.0 6000.0 72000.0 4073.2575011399995 40.0 0.001974803830942519 240.0 24.0
5583.0 6725.0 80700.0 3620.6733343466663 45.0 0.007559816845921339 269.0 24.0
5670.0 7450.0 89400.0 3258.6060009119997 50.0 0.0026626430087688937 298.0 24.0
4833.0 4023.0 48276.0 10862.02000304 15.0 181.5381279429646 149.0 26.0
4932.0 4185.0 50220.0 8146.515002279999 20.0 1.7479352919314308 155.0 26.0
5091.0 5157.0 61884.0 6517.212001823999 25.0 0.025494160577680627 191.0 26.0
5100.0 5670.0 68040.0 5431.01000152 30.0 0.00020526782860571534 210.0 26.0
5325.0 5859.0 70308.0 4655.151429874285 35.0 0.00535525704619977 217.0 26.0
5262.0 6372.0 76464.0 4073.2575011399995 40.0 0.008689701072740749 236.0 26.0
5583.0 7182.0 86184.0 3620.6733343466663 45.0 0.01572368705267409 266.0 26.0
5670.0 7884.0 94608.0 3258.6060009119997 50.0 0.01734413994847755 292.0 26.0
